NAME: NEOS_TSP_AUTOGEN
TYPE: TSP
COMMENT: THIS FILE WAS AUTOGENERATED.
DIMENSION: 48
EDGE_WEIGHT_TYPE: EXPLICIT
EDGE_WEIGHT_FORMAT: FULL_MATRIX
EDGE_WEIGHT_SECTION:
0 1484756 2099306 1809409 1412212 417349 1135904 1789589 697472 2076842 1307343 1036808 815071 3236161 3161455 1554292 1777622 3065319 3286034 1545150 1533610 799076 1530439 1001345 425309 535515 1828313 1396619 781082 1648573 1115357 1365734 597506 474235 1044717 1501153 1345956 1902526 1450674 2194529 1681120 2729787 1510851 1807993 2666733 2012902 1563965 885264
1484756 0 1112231 3082303 2685105 1404721 1702296 2710661 1282456 3349735 2580236 2241251 2060175 1754753 2041008 162977 3050515 1583912 1944826 2749593 2747570 1925731 2626841 1922417 1414419 1769573 3101206 2317691 713490 2123347 960322 2107521 1870400 1012033 683055 2774047 1231999 1623462 2371746 713122 2954014 1475367 2783745 3080887 1185326 792033 2836858 1016181
2099306 1112231 0 3879140 3564467 1748622 2702432 3703180 2274975 4229097 3389980 3119987 2897903 1630833 1013498 1272393 3858914 1439434 1138460 3628835 3617474 2897220 3618995 2912212 2406938 2687771 3980568 3310209 1827872 3232764 987502 3083142 2749762 1894156 1127755 3586077 2340718 2750503 3364264 774034 3833375 1837850 3663107 3891251 782531 1899972 3648222 1992901
1809409 3082303 3879140 0 781783 2197183 2432695 2204942 2083860 276259 720814 1303077 1227308 4819339 4959988 3137471 179010 4648498 5020691 1250518 981891 1512981 1577189 1870532 1826951 1494753 122084 1832902 2364261 2641198 2914129 2377027 1218622 2057414 2843783 543084 2691875 3249794 2091147 3789540 258007 4228062 707087 198603 4249912 3556272 257015 2369020
1412212 2685105 3564467 781783 0 1819133 1692815 1454024 1555722 936417 179018 624276 684897 4434054 4562791 2704297 848394 4238501 4623494 499503 230875 934431 826173 1134038 1302845 962969 686809 1081985 1980198 1901317 2516932 1637909 984795 1672128 2446586 262813 2150915 2513299 1340229 3392342 530890 3696277 105428 636777 3864627 3015313 569995 1837235
417349 1404721 1748622 2197183 1819133 0 1381467 2196511 816553 2483764 1708022 1438030 1215946 3104343 2746946 1472312 2176956 2864213 2871909 1946878 1935517 1205998 1937523 1404656 832231 942437 2235234 1803540 699814 1900670 701087 1616982 1004428 393856 637790 1904120 1265804 1888668 1857595 2018054 2088042 2649346 1917773 2209294 2349986 1931932 1966265 804823
1135904 1702296 2702432 2432695 1692815 1381467 0 1080809 548413 2585216 1718291 1187217 1165604 3151067 3708217 1556144 2358710 3008237 3611622 1426807 1547667 891341 1177643 561238 715903 939579 2337721 834057 993281 552559 1948713 410924 1344347 987798 1618094 1916562 547112 826451 743518 2380471 2180751 2088428 1791329 2287909 2853423 1403049 2148018 780685
1789589 2710661 3703180 2204942 1454024 2196511 1080809 0 1496335 2357463 1577371 1133547 1332540 4246543 4701504 2618684 2271553 3969361 4649050 992856 1225602 1078969 570645 790832 1392035 1253876 2109968 420461 1994029 713508 2894309 694704 1653526 1841783 2618842 1685972 1613545 1400273 339010 3417899 1951980 3034934 1549915 2059936 3890851 2364174 1993154 1781527
697472 1282456 2274975 2083860 1555722 816553 548413 1496335 0 2364114 1462312 1027300 872387 3030263 3273299 1219182 2063633 2835852 3220845 1536148 1532730 711404 1412471 705688 312964 589960 2115585 1103364 565824 1157480 1521256 874641 937965 427240 1190637 1658410 671161 1200610 1157419 1989694 1933062 2219599 1654362 2036038 2460836 1436727 1852942 352120
2076842 3349735 4229097 276259 936417 2483764 2585216 2357463 2364114 0 876031 1458293 1494741 5100256 5227421 3418387 289475 4903131 5288124 1405734 1137107 1772326 1732405 2025749 2107868 1775670 260531 1985423 2644828 2793719 3181562 2529620 1501728 2338330 3111216 698301 2959308 3405010 2243668 4056973 410528 4508978 859608 348608 4530828 3823705 520684 2649936
1307343 2580236 3389980 720814 179018 1708022 1718291 1577371 1462312 876031 0 590934 591688 4330179 4457922 2614534 725358 4159337 4520252 625512 354652 905401 917431 1158389 1213082 873206 627502 1151813 1875100 1926794 2406031 1662623 879693 1568253 2341717 201751 2057100 2537651 1410057 3287474 470503 3606514 207363 578364 3760751 2920958 473386 1747472
1036808 2241251 3119987 1303077 624276 1438030 1187217 1133547 1027300 1458293 590934 0 265169 3990603 4182136 2179522 1307878 3819761 4180676 509177 507154 322222 569053 631658 845240 505364 1209764 804563 1524477 1551493 2136038 1287322 682478 1270451 2059488 775910 1611886 2007288 1044556 2948971 1052766 3161300 722916 1161765 3421175 2475743 1055648 1312460
815071 2060175 2897903 1227308 684897 1215946 1165604 1332540 872387 1494741 591688 265169 0 3810292 3965650 2024609 1193740 3639451 3998563 771396 770599 299648 832772 609386 623156 283280 1246212 912886 1316090 1553213 1913954 1270374 412504 1048367 1836022 785681 1468075 1987306 1059373 2767412 1063689 3016589 783537 1165413 3240865 2331032 981864 1157547
3236161 1754753 1630833 4819339 4434054 3104343 3151067 4246543 3030263 5100256 4330179 3990603 3810292 0 1115233 1881205 4799113 209218 861505 4499451 4496033 3675274 4312359 3668991 3161763 3518769 4852761 3968773 2461787 3538730 2405110 3427740 3620857 2761755 2363213 4526276 2613800 2834432 3817403 1051681 4705821 1212739 4532569 4831450 894846 1836427 4588421 2735540
3161455 2041008 1013498 4959988 4562791 2746946 3708217 4701504 3273299 5227421 4457922 4182136 3965650 1115233 0 2168898 4928201 1086169 257602 4695730 4684189 3895544 4617684 3913259 3405262 3686095 4978892 4308533 2748473 4082468 2049900 4113442 3748086 2892480 2125998 4651733 3237920 3473890 4362588 1399410 4831699 2326097 4661431 4958572 861910 2404888 4714544 3022102
1554292 162977 1272393 3137471 2704297 1472312 1556144 2618684 1219182 3418387 2614534 2179522 2024609 1881205 2168898 0 3117244 1595181 2072303 2688370 2684952 1864193 2564693 1857910 1465413 1742380 3170892 2253263 779919 1966426 1115101 1929525 1938989 1079887 844954 2810632 1083636 1478566 2283660 841152 3023952 1319137 2802812 3149582 1314104 628035 2906553 868171
1777622 3050515 3858914 179010 848394 2176956 2358710 2271553 2063633 289475 725358 1307878 1193740 4799113 4928201 3117244 0 4628271 4989186 1319694 1050611 1492754 1642243 1803150 1806724 1474526 289370 1899513 2344034 2643406 2874965 2379235 1228017 2037187 2804324 610534 2658421 3178780 2157758 3757481 321861 4207835 773698 367228 4229685 3522278 254720 2348793
3065319 1583912 1439434 4648498 4238501 2864213 3008237 3969361 2835852 4903131 4159337 3819761 3639451 209218 1086169 1595181 4628271 0 832440 4328609 4325191 3479126 4204933 3498150 2967815 3322968 4654602 3827549 2266886 3319161 2234268 3284019 3423796 2565429 2192372 4355435 2470617 2710776 3674572 880839 4507409 1149381 4337141 4660609 704765 1693243 4417580 2462119
3286034 1944826 1138460 5020691 4623494 2871909 3611622 4649050 3220845 5288124 4520252 4180676 3998563 861505 257602 2072303 4989186 832440 0 4687982 4686106 3864119 4565848 3859065 3352808 3707961 5039595 4256079 2651879 3985874 2174863 4016847 3808788 2950421 2250703 4712435 3141325 3379042 4310134 1303708 4892402 2072368 4722133 5021523 765315 2308293 4775247 2925507
1545150 2749593 3628835 1250518 499503 1946878 1426807 992856 1536148 1405734 625512 509177 771396 4499451 4695730 2688370 1319694 4328609 4687982 0 273743 831070 365501 867080 1354089 1014213 1157205 652639 2033325 1500709 2649870 1266179 1191326 1779299 2566102 724043 1956776 2187972 910884 3456831 1000207 3499525 598142 1108077 3930023 2813968 1038859 1821308
1533610 2747570 3617474 981891 230875 1935517 1547667 1225602 1532730 1137107 354652 507154 770599 4496033 4684189 2684952 1050611 4325191 4686106 273743 0 827652 596292 988289 1350670 1010794 888578 853563 2029907 1701633 2633525 1467102 1107187 1775881 2562885 455416 2078854 2367738 1111807 3454401 731580 3620385 329515 838607 3926605 2934828 770231 1817890
799076 1925731 2897220 1512981 934431 1205998 891341 1078969 711404 1772326 905401 322222 299648 3675274 3895544 1864193 1492754 3479126 3864119 831070 827652 0 737764 334062 607831 267015 1524831 659316 1209098 1282198 1903796 998879 663503 1028612 1812882 1090072 1296244 1711982 785111 2632968 1369160 2845972 1039310 1475019 3105847 2160641 1282062 997131
1530439 2626841 3618995 1577189 826173 1937523 1177643 570645 1412471 1732405 917431 569053 832772 4312359 4617684 2564693 1642243 4204933 4565848 365501 596292 737764 0 711401 1308331 1001496 1483876 344561 1909649 1183500 2635531 957477 1250081 1760601 2535022 1050714 1708829 1870907 593674 3334079 1326878 3317609 924813 1433905 3806347 2564803 1365529 1697631
1001345 1922417 2912212 1870532 1134038 1404656 561238 790832 705688 2025749 1158389 631658 609386 3668991 3913259 1857910 1803150 3498150 3859065 867080 988289 334062 711401 0 601548 463791 1777219 402250 1202866 950242 2102664 666008 865309 1053002 1828065 1356014 1092425 1381849 451917 2629654 1620221 2633955 1232677 1729221 3099564 1948399 1591365 990848
425309 1414419 2406938 1826951 1302845 832231 715903 1392035 312964 2107868 1213082 845240 623156 3161763 3405262 1465413 1806724 2967815 3352808 1354089 1350670 607831 1308331 601548 0 331633 1860372 999064 697787 1226097 1530029 945911 628469 541419 1322600 1409180 952777 1482225 1053119 2121657 1683333 2502392 1404632 1786808 2592335 1727925 1596033 601069
535515 1769573 2687771 1494753 962969 942437 939579 1253876 589960 1775670 873206 505364 283280 3518769 3686095 1742380 1474526 3322968 3707961 1014213 1010794 267015 1001496 463791 331633 0 1528174 860906 1064665 1361626 1640235 1081440 410164 758123 1545420 1069304 1185153 1760623 914961 2476810 1344057 2734360 1065356 1446932 2949342 2049550 1263835 875152
1828313 3101206 3980568 122084 686809 2235234 2337721 2109968 2115585 260531 627502 1209764 1246212 4852761 4978892 3170892 289370 4654602 5039595 1157205 888578 1524831 1483876 1777219 1860372 1528174 0 1737928 2396299 2546224 2933033 2281091 1253199 2090835 2862687 449772 2710778 3156481 1996173 3808444 163033 4261483 612113 80922 4283333 3575175 272155 2402441
1396619 2317691 3310209 1832902 1081985 1803540 834057 420461 1103364 1985423 1151813 804563 912886 3968773 4308533 2253263 1899513 3827549 4256079 652639 853563 659316 344561 402250 999064 860906 1737928 0 1601058 847573 2501339 614495 1252738 1448812 2225871 1313933 1366425 1534338 259051 3024928 1585697 2974023 1183632 1687897 3497880 2222362 1615728 1388556
781082 713490 1827872 2364261 1980198 699814 993281 1994029 565824 2644828 1875100 1524477 1316090 2461787 2748473 779919 2344034 2266886 2651879 2033325 2029907 1209098 1909649 1202866 697787 1064665 2396299 1601058 0 1539070 1067013 1373991 1165493 307125 664171 2071197 696496 1319361 1655113 1420727 2249106 1994652 2078837 2376371 1892359 1234237 2133342 269993
1648573 2123347 3232764 2641198 1901317 1900670 552559 713508 1157480 2793719 1926794 1551493 1553213 3538730 4082468 1966426 2643406 3319161 3985874 1500709 1701633 1282198 1183500 950242 1226097 1361626 2546224 847573 1539070 0 2494502 283870 1767813 1605426 2163883 2125065 1015864 692703 591309 2687549 2386413 2327122 1998869 2496412 3230224 1713974 2390708 1280134
1115357 960322 987502 2914129 2516932 701087 1948713 2894309 1521256 3181562 2406031 2136038 1913954 2405110 2049900 1115101 2874965 2234268 2174863 2649870 2633525 1903796 2635531 2102664 1530029 1640235 2933033 2501339 1067013 2494502 0 2348747 1702226 1074658 336454 2605873 1494640 2117504 2555394 1494404 2785840 2376757 2615571 2907302 1653552 1744158 2668685 1239183
1365734 2107521 3083142 2377027 1637909 1616982 410924 694704 874641 2529620 1662623 1287322 1270374 3427740 4113442 1929525 2379235 3284019 4016847 1266179 1467102 998879 957477 666008 945911 1081440 2281091 614495 1373991 283870 2348747 0 1486311 1325240 1998804 1860894 980722 887636 399927 2652406 2124093 2366978 1736549 2232241 3256677 1678832 2126538 1158756
597506 1870400 2749762 1218622 984795 1004428 1344347 1653526 937965 1501728 879693 682478 412504 3620857 3748086 1938989 1228017 3423796 3808788 1191326 1107187 663503 1250081 865309 628469 410164 1253199 1252738 1165493 1767813 1702226 1486311 0 858932 1631881 1075790 1577431 2165494 1314610 2577637 1163807 3125553 1083435 1242190 3051430 2352926 987704 1223735
474235 1012033 1894156 2057414 1672128 393856 987798 1841783 427240 2338330 1568253 1270451 1048367 2761755 2892480 1079887 2037187 2565429 2950421 1779299 1775881 1028612 1760601 1053002 541419 758123 2090835 1448812 307125 1605426 1074658 1325240 858932 0 809818 1764351 873294 1496159 1502867 1719270 1942564 2255678 1772295 2069524 2192328 1539423 1826496 412567
1044717 683055 1127755 2843783 2446586 637790 1618094 2618842 1190637 3111216 2341717 2059488 1836022 2363213 2125998 844954 2804324 2192372 2250703 2566102 2562885 1812882 2535022 1828065 1322600 1545420 2862687 2225871 664171 2163883 336454 1998804 1631881 809818 0 2535528 1178219 1798030 2279926 1321136 2715494 2159926 2545226 2842367 1700787 1398667 2598339 908563
1501153 2774047 3586077 543084 262813 1904120 1916562 1685972 1658410 698301 201751 775910 785681 4526276 4651733 2810632 610534 4355435 4712435 724043 455416 1090072 1050714 1356014 1409180 1069304 449772 1313933 2071197 2125065 2605873 1860894 1075790 1764351 2535528 0 2251699 2735276 1572177 3481284 292773 3802612 188117 398918 3956849 3116096 332135 1943570
1345956 1231999 2340718 2691875 2150915 1265804 547112 1613545 671161 2959308 2057100 1611886 1468075 2613800 3237920 1083636 2658421 2470617 3141325 1956776 2078854 1296244 1708829 1092425 952777 1185153 2710778 1366425 696496 1015864 1494640 980722 1577431 873294 1178219 2251699 0 625486 1274629 1910174 2528256 1551801 2249555 2630826 2381578 866244 2446430 473488
1902526 1623462 2750503 3249794 2513299 1888668 826451 1400273 1200610 3405010 2537651 2007288 1987306 2834432 3473890 1478566 3178780 2710776 3379042 2187972 2367738 1711982 1870907 1381849 1482225 1760623 3156481 1534338 1319361 692703 2117504 887636 2165494 1496159 1798030 2735276 625486 0 1278074 2078970 2999483 1622824 2611939 3108482 2619542 1106403 2969285 1096352
1450674 2371746 3364264 2091147 1340229 1857595 743518 339010 1157419 2243668 1410057 1044556 1059373 3817403 4362588 2283660 2157758 3674572 4310134 910884 1111807 785111 593674 451917 1053119 914961 1996173 259051 1655113 591309 2555394 399927 1314610 1502867 2279926 1572177 1274629 1278074 0 3078983 1839203 2758173 1438743 1946141 3551935 2069385 1873972 1442611
2194529 713122 774034 3789540 3392342 2018054 2380471 3417899 1989694 4056973 3287474 2948971 2767412 1051681 1399410 841152 3757481 880839 1303708 3456831 3454401 2632968 3334079 2629654 2121657 2476810 3808444 3024928 1420727 2687549 1494404 2652406 2577637 1719270 1321136 3481284 1910174 2078970 3078983 0 3661251 1067899 3490982 3788124 544207 1009968 3544095 1694356
1681120 2954014 3833375 258007 530890 2088042 2180751 1951980 1933062 410528 470503 1052766 1063689 4705821 4831699 3023952 321861 4507409 4892402 1000207 731580 1369160 1326878 1620221 1683333 1344057 163033 1585697 2249106 2386413 2785840 2124093 1163807 1942564 2715494 292773 2528256 2999483 1839203 3661251 0 4081204 455868 140938 4134203 3392653 182763 2218254
2729787 1475367 1837850 4228062 3696277 2649346 2088428 3034934 2219599 4508978 3606514 3161300 3016589 1212739 2326097 1319137 4207835 1149381 2072368 3499525 3620385 2845972 3317609 2633955 2502392 2734360 4261483 2974023 1994652 2327122 2376757 2366978 3125553 2255678 2159926 3802612 1551801 1622824 2758173 1067899 4081204 0 3794792 4180240 1480533 774427 3997144 1849376
1510851 2783745 3663107 707087 105428 1917773 1791329 1549915 1654362 859608 207363 722916 783537 4532569 4661431 2802812 773698 4337141 4722133 598142 329515 1039310 924813 1232677 1404632 1065356 612113 1183632 2078837 1998869 2615571 1736549 1083435 1772295 2545226 188117 2249555 2611939 1438743 3490982 455868 3794792 0 562081 3963934 3113952 495299 1939554
1807993 3080887 3891251 198603 636777 2209294 2287909 2059936 2036038 348608 578364 1161765 1165413 4831450 4958572 3149582 367228 4660609 5021523 1108077 838607 1475019 1433905 1729221 1786808 1446932 80922 1687897 2376371 2496412 2907302 2232241 1242190 2069524 2842367 398918 2630826 3108482 1946141 3788124 140938 4180240 562081 0 4262023 3494683 261924 2321198
2666733 1185326 782531 4249912 3864627 2349986 2853423 3890851 2460836 4530828 3760751 3421175 3240865 894846 861910 1314104 4229685 704765 765315 3930023 3926605 3105847 3806347 3099564 2592335 2949342 4283333 3497880 1892359 3230224 1653552 3256677 3051430 2192328 1700787 3956849 2381578 2619542 3551935 544207 4134203 1480533 3963934 4262023 0 1550056 4018994 2166113
2012902 792033 1899972 3556272 3015313 1931932 1403049 2364174 1436727 3823705 2920958 2475743 2331032 1836427 2404888 628035 3522278 1693243 2308293 2813968 2934828 2160641 2564803 1948399 1727925 2049550 3575175 2222362 1234237 1713974 1744158 1678832 2352926 1539423 1398667 3116096 866244 1106403 2069385 1009968 3392653 774427 3113952 3494683 1550056 0 3311587 1113558
1563965 2836858 3648222 257015 569995 1966265 2148018 1993154 1852942 520684 473386 1055648 981864 4588421 4714544 2906553 254720 4417580 4775247 1038859 770231 1282062 1365529 1591365 1596033 1263835 272155 1615728 2133342 2390708 2668685 2126538 987704 1826496 2598339 332135 2446430 2969285 1873972 3544095 182763 3997144 495299 261924 4018994 3311587 0 2138102
885264 1016181 1992901 2369020 1837235 804823 780685 1781527 352120 2649936 1747472 1312460 1157547 2735540 3022102 868171 2348793 2462119 2925507 1821308 1817890 997131 1697631 990848 601069 875152 2402441 1388556 269993 1280134 1239183 1158756 1223735 412567 908563 1943570 473488 1096352 1442611 1694356 2218254 1849376 1939554 2321198 2166113 1113558 2138102 0
